0.286581
0.0660257
0.0348671
0.0224547
0.0159892
0.012102
0.00954868
0.0077636
0.00645781
0.0054695
0.00470087
0.0040895
0.00359392
0.00318568
0.00284474
0.00255662
0.00231065
0.0020988
0.00191492
0.00175422
0.00161294
0.00148804
0.00137709
0.00127808
0.00118938
0.00110961
0.00103761
0.000972437
0.00091325
0.000859352
0.000810142
0.0007651
0.000723776
0.000685782
0.000650775
0.000618457
0.000588566
0.000560872
0.000535168
0.000511275
0.000489031
0.000468292
0.00044893
0.000430829
0.000413887
0.000398009
0.000383112
0.000369119
0.000355963
0.000343579
0.000331912
0.000320909
0.000310523
0.000300711
0.000291433
0.000282653
0.000274337
0.000266455
0.000258978
0.00025188
0.000245138
0.000238728
0.00023263
0.000226826
0.000221297
0.000216027
0.000211001
0.000206204
0.000201623
0.000197246
0.000193062
0.000189059
0.000185227
0.000181558
0.000178042
0.000174671
0.000171438
0.000168334
0.000165355
0.000162492
0.000159741
0.000157095
0.000154549
0.000152098
0.000149739
0.000147465
0.000145274
0.00014316
0.000141121
0.000139153
0.000137253
0.000135418
0.000133644
0.000131929
0.00013027
0.000128666
0.000127112
0.000125608
0.000124151
0.000122739
0.000121371
0.000120044
0.000118756
0.000117507
0.000116294
0.000115117
0.000113973
0.000112862
0.000111781
0.000110731
0.00010971
0.000108716
0.000107749
0.000106807
0.000105891
0.000104998
0.000104128
0.000103281
0.000102455
0.000101649
0.000100863
0.000100097
9.93496e-05
9.86199e-05
9.79076e-05
9.72122e-05
9.6533e-05
9.58696e-05
9.52214e-05
9.4588e-05
9.39689e-05
9.33636e-05
9.27717e-05
9.21929e-05
9.16267e-05
9.10727e-05
9.05306e-05
9.00001e-05
8.94807e-05
8.89722e-05
8.84743e-05
8.79866e-05
8.75089e-05
8.70409e-05
8.65824e-05
8.6133e-05
8.56925e-05
8.52607e-05
8.48373e-05
8.44221e-05
8.4015e-05
8.36157e-05
8.32239e-05
8.28396e-05
8.24624e-05
8.20923e-05
8.17291e-05
8.13725e-05
8.10225e-05
8.06788e-05
8.03413e-05
8.00099e-05
7.96844e-05
7.93646e-05
7.90505e-05
7.87419e-05
7.84387e-05
7.81407e-05
7.78478e-05
7.756e-05
7.7277e-05
7.69989e-05
7.67254e-05
7.64565e-05
7.61921e-05
7.59321e-05
7.56763e-05
7.54248e-05
7.51773e-05
7.49339e-05
7.46944e-05
7.44587e-05
7.42268e-05
7.39986e-05
7.3774e-05
7.3553e-05
7.33354e-05
7.31212e-05
7.29103e-05
7.27027e-05
7.24983e-05
7.2297e-05
7.20988e-05
7.19036e-05
7.17114e-05
7.1522e-05
7.13355e-05
7.11518e-05
7.09708e-05
7.07925e-05
7.06168e-05
7.04437e-05
7.02731e-05
7.0105e-05
6.99393e-05
6.97761e-05
6.96151e-05
6.94565e-05
6.93002e-05
6.9146e-05
6.89941e-05
6.88443e-05
6.86966e-05
6.8551e-05
6.84074e-05
6.82658e-05
6.81261e-05
6.79884e-05
6.78526e-05
6.77186e-05
6.75865e-05
6.74561e-05
6.73276e-05
6.72007e-05
6.70756e-05
6.69522e-05
6.68304e-05
6.67102e-05
6.65916e-05
6.64746e-05
6.63591e-05
6.62452e-05
6.61327e-05
6.60218e-05
6.59122e-05
6.58041e-05
6.56974e-05
6.55921e-05
6.54881e-05
6.53854e-05
6.52841e-05
6.5184e-05
6.50853e-05
6.49877e-05
6.48915e-05
6.47964e-05
6.47025e-05
6.46098e-05
6.45182e-05
6.44278e-05
6.43385e-05
6.42503e-05
6.41633e-05
6.40772e-05
6.39923e-05
6.39083e-05
6.38254e-05
6.37435e-05
6.36626e-05
6.35827e-05
6.35038e-05
6.34258e-05
6.33487e-05
6.32725e-05
6.31973e-05
6.3123e-05
6.30495e-05
6.29769e-05
6.29052e-05
6.28343e-05
6.27643e-05
6.26951e-05
6.26266e-05
6.2559e-05
6.24922e-05
6.24262e-05
6.23609e-05
6.22964e-05
6.22326e-05
6.21695e-05
6.21072e-05
6.20456e-05
6.19847e-05
6.19245e-05
6.18649e-05
6.18061e-05
6.17479e-05
6.16904e-05
6.16335e-05
6.15773e-05
6.15217e-05
6.14667e-05
6.14123e-05
6.13585e-05
6.13054e-05
6.12528e-05
6.12008e-05
6.11494e-05
6.10985e-05
6.10482e-05
6.09985e-05
6.09493e-05
6.09006e-05
6.08525e-05
6.08049e-05
6.07578e-05
6.07113e-05
6.06652e-05
6.06196e-05
6.05745e-05
6.05299e-05
6.04858e-05
6.04422e-05
6.0399e-05
6.03563e-05
6.0314e-05
6.02722e-05
6.02308e-05
6.01899e-05
6.01494e-05
6.01093e-05
6.00697e-05
6.00304e-05
5.99916e-05
