0.735515
0.173493
0.0798687
0.0470498
0.0315335
0.022876
0.0174864
0.0138596
0.0112761
0.0093566
0.00788428
0.00672682
0.00579894
0.00504314
0.00441927
0.0038984
0.0034592
0.00308562
0.00276535
0.00248887
0.00224867
0.00203878
0.00185441
0.00169168
0.00154742
0.00141901
0.00130429
0.00120144
0.00110894
0.00102551
0.000950054
0.000881631
0.000819439
0.000762786
0.000711069
0.000663765
0.000620416
0.000580621
0.000544027
0.000510323
0.000479232
0.000450511
0.000423941
0.000399328
0.000376498
0.000355295
0.000335581
0.000317228
0.000300124
0.000284166
0.000269263
0.000255329
0.000242289
0.000230074
0.000218621
0.000207873
0.000197778
0.000188287
0.000179358
0.00017095
0.000163026
0.000155554
0.000148502
0.000141841
0.000135547
0.000129594
0.00012396
0.000118626
0.000113571
0.000108779
0.000104233
9.99179e-05
9.58202e-05
9.19268e-05
8.82255e-05
8.47053e-05
8.13556e-05
7.81667e-05
7.51296e-05
7.22358e-05
6.94775e-05
6.68472e-05
6.4338e-05
6.19435e-05
5.96576e-05
5.74747e-05
5.53894e-05
5.33966e-05
5.14918e-05
4.96705e-05
4.79285e-05
4.62619e-05
4.46671e-05
4.31405e-05
4.16788e-05
4.0279e-05
3.89382e-05
3.76535e-05
3.64224e-05
3.52424e-05
3.4111e-05
3.30263e-05
3.19859e-05
3.09879e-05
3.00305e-05
2.91118e-05
