39.8714	36.3379
62.2427	40.586
69.7346	37.5601
81.0867	40.4266
94.8211	44.8875
99.3394	40.8949
104.014	40.0529
112.985	41.1441
126.297	44.7366
130.832	42.4416
138.28	41.0437
148.465	40.5828
154.224	39.6688
178.879	44.474
193.798	43.5468
198.177	44.1615
204.897	41.5441
216.388	40.3681
226.638	41.2692
236.384	38.8848
252.307	46.5783
258.714	44.6748
264.471	42.7339
266.147	42.5199
270.548	41.5937
273.977	62.4271
266.204	63.5859
254.483	64.4861
247.475	65.8091
244.094	67.2495
237.137	68.4652
232.219	69.2493
223.358	70.8513
217.913	72.6488
209.005	74.4891
202.051	75.5299
199.014	76.01
193.615	75.5392
173.978	71.4217
169.737	73.356
155.29	74.7389
153.124	76.6744
147.994	75.2693
141.699	77.8927
135.097	78.2908
133.018	77.2262
119.478	74.273
112.419	72.4722
89.413	69.5003
88.0685	70.9474
78.0625	73.6598
55.5148	77.0795
46.5954	77.7802
40.9025	76.4746
35.5284	79.8551
31.5259	107.677
48.4111	108.009
51.9925	106.6
59.8755	105.724
64.472	103.961
68.5174	101.522
78.6315	102.884
85.4521	100.918
88.1556	103.076
94.7579	103.745
101.971	104.251
103.745	103.492
111.543	103.654
114.023	104.943
126.573	102.131
127.027	101.926
134.364	100.995
142.359	104.433
143.587	103.642
149.181	101.814
156.374	103.541
156.771	103.377
162.452	105.931
171.79	107.102
174.315	106.586
180.035	105.688
188.286	106.612
192.1	108.905
194.136	107.741
200.082	107.782
204.934	109.785
216.66	114.088
218.447	113.956
234.095	113.152
240.708	113.004
241.56	112.93
250.332	118.171
256.97	117.388
261.644	117.107
262.507	117.489
267.993	119.857
273.441	120.877
277.88	119.339
282.996	114.485
283.65	114.287
281.273	143.537
281.736	144.052
266.778	142.714
260.389	143.26
252.975	144.035
248.186	144.226
241.457	144.888
234.819	145.028
230.671	145.535
221.051	145.507
215.162	145.954
212.292	146.124
203.903	147.065
199.115	147.744
195.802	148.318
187.74	148.457
178.444	145.779
173.671	146.278
164.793	147.749
160.866	148.333
157.365	149.626
151.068	150.863
145.64	152.675
131.478	146.765
128.486	147.482
125.734	148.312
119.016	149.682
114.309	150.397
104.034	152.615
95.3486	154.343
85.8749	156.225
78.4702	153.889
66.3048	155.266
49.4393	151.004
42.9847	149.74
38.8754	150.795
29.6222	151.479
27.9686	153.213
26.9444	164.111
23.5056	171.733
27.2664	170.35
27.3891	170.019
35.3045	167.112
44.0645	164.427
56.3791	167.712
69.0506	170.809
79.6484	168.902
82.5952	171.562
87.9471	174.701
92.1652	173.939
104.902	176.968
105.278	176.786
111.367	176.093
114.745	175.474
120.424	174.854
126.584	178.507
135.989	177.708
140.285	180.59
151.109	180.424
152.722	180.567
160.879	182.828
165.087	181.966
168.173	181.246
174.503	180.013
181.147	180.641
189.142	183.133
207.023	185.732
224.028	188.108
232.491	187.355
237.318	187.12
242.177	186.797
244.207	186.217
249.298	187.26
250.802	187.198
256.902	183.933
263.891	183.43
266.061	182.562
273.024	183.251
278.684	175.08
278.806	188.176
273.133	186.852
268.977	186.504
258.902	186.317
251.433	187.127
245.73	187.803
236.993	187.08
233.308	187.698
231.736	196.578
226.001	196.071
218.531	195.714
212.198	196.468
206.91	196.899
204.597	196.911
201.728	198.836
197.486	198.885
190.827	200.064
185.12	200.03
181.749	200.139
177.752	200.618
175.018	201.366
147.627	205.076
146.277	205.522
143.145	205.851
136.123	205.982
133.076	206.457
130.018	206.627
127.599	206.841
122.122	207.275
119.103	206.754
118.188	206.904
107.723	205.267
93.5136	201.132
89.8312	198.982
83.2417	197.805
79.4738	197.358
73.084	194.397
68.482	193.907
62.8631	193.883
55.9691	195.506
47.0494	196.14
40.5771	196.282
29.4745	194.435
25.9394	194.318
32.5467	176.349
27.7544	178.29
26.5622	182.712
37.8813	187.55
49.0473	183.477
52.0147	182.59
37.8083	183.76
50.6066	181.926
41.7422	182.913
55.8823	180.903
55.008	180.641
62.6309	178.514
62.634	178.249
68.5929	176.92
74.511	177.324
78.183	176.684
85.8218	179.962
94.9529	180.373
95.9529	179.373
103.182	178.776
104.82	178.13
108.513	177.901
114.362	175.434
117.548	174.63
123.041	172.396
129.11	170.821
133.447	174.789
139.562	173.847
146.894	172.088
151.965	171.798
159.823	175.509
169.371	174.991
177.703	174.083
187.528	173.143
189.143	175.564
202.787	173.916
209.858	177.366
213.024	178.843
222.183	179.901
226.223	182.647
233.617	181.23
236.514	181.098
243.782	182.059
254.782	182.309
261.375	182.531
267.785	181.811
270.057	182.333
275.297	185.984
279.831	185.66
273.452	208.529
275.39	206.475
258.617	205.147
255.537	205.788
244.579	205.207
241.59	205.029
237.139	205.364
222.408	205.991
216.905	206.124
211.532	206.852
210.487	207.527
208.642	208.077
206.627	208.263
199.295	208.244
182.626	210.914
178.12	211.716
174.734	211.766
173.923	214.212
171.302	213.869
170.812	212.833
164.788	212.173
160.688	214.104
155.446	212.162
150.12	212.268
144.251	212.826
139.432	213.274
133.195	213.535
128.713	213.919
123.958	214.56
117.932	214.843
115.286	215.732
108.44	217.333
105.522	214.543
98.3917	213.142
93.7715	213.177
87.2513	214.704
83.5238	217.374
74.1824	215.704
71.5769	218.628
64.9509	213.886
60.6721	214.013
56.2175	214.589
48.2485	218.079
42.6215	212.905
39.8865	212.87
37.3035	213.558
32.8782	213.972
29.3758	213.903
25.2241	216.672
26.2252	213.149
22	209.58
25.8846	202.75
62.549	66.8612
64.52	59.7592
59.0836	58.6383
58.5405	61.303
61.3842	77.9122
58.2858	89.6807
58.5417	92.2207
58.6791	96.4877
58.7922	99.732
57.4199	103.839
57.8267	109.765
60.1732	117.578
59.0837	125.093
60.1699	128.053
59.2904	133.295
57.5315	138.008
59.0492	142.999
57.1861	147.558
57.7692	153.441
56.711	155.303
57.9939	161.182
57.5342	166.439
58.8657	170.033
60.3368	174.45
60.0736	179.766
62.0493	178.588
68.7286	176.983
70.8921	187.428
77.611	184.823
80.7657	184.516
78.8894	180.42
79.6201	174.198
78.6404	170.259
78.3849	166.784
76.3931	161.243
76.6411	158.013
77.1425	155.303
78.9408	152.279
77.332	146.935
76.3389	142.848
77.8946	142.122
78.9531	134.555
79.5594	134.139
78.7676	131.043
81.5682	125.855
80.096	122.788
78.7603	117.457
79.7188	117.019
80.4421	112.999
80.886	110.136
82.4568	107.861
83.1863	82.4383
82.7637	66.2926
109.147	69.0096
104.853	81.6156
105.336	83.0502
105.987	86.3393
104.611	87.0843
105.616	90.3351
106.008	91.6713
106.631	96.8367
108.459	101.665
105.142	103.187
107.815	108.415
109.425	113.754
110.293	120.267
110.809	128.096
110.971	147.317
111.153	156.827
112.617	161.274
111.051	165.038
112.334	169.304
114.434	176.041
133.685	178.398
131.658	126.592
133.711	93.4347
134.885	68.5712
135.602	68.4929
160.212	61.7898
170.998	91.8201
172.117	101.245
170.961	120.384
167.502	122.801
168.482	158.017
166.96	156.812
161.488	132.419
163.074	147.947
161.769	156.127
161.234	165.637
162.693	173.081
161.771	178.336
162.543	182.554
162.691	182.546
163.382	182.455
173.661	180.852
180.694	179.651
178.35	161.807
176.705	154.606
176.549	154.206
174.469	144.322
176.341	118.296
180.827	96.6258
183.78	88.9484
181.746	80.6293
181.032	67.6436
177.362	58.2983
197.369	62.6491
201.787	78.2342
198.966	82.4443
202.042	95.0989
201.578	105.284
201.05	112.024
200.033	112.606
199.624	121.34
200.339	129.478
200.22	135.581
201.911	152.652
200.427	154.018
201.305	158.33
200.959	181.425
216.956	178.222
212.531	156.366
208.998	147.089
208.778	142.699
205.927	133.714
206.657	132.655
208.774	128.636
207.941	123.84
207.737	118.408
207.016	108.621
207.328	100.564
208.874	92.863
211.043	85.8271
208.875	79.8057
206.52	71.465
205.567	67.9091
203.84	67.7605
200.416	62.4483
227.372	57.0089
239.551	60.7297
234.205	78.9361
231.599	89.0212
232.129	96.9265
232.76	106.068
237.793	114.161
238.062	122.485
239.772	128.38
241.84	135.404
241.755	139.985
241.177	147.131
242.705	156.382
242.868	162.87
240.504	173.473
238.79	181.603
239.612	189.636
240.226	198.465
240.929	205.027
243.456	213.728
257.058	203.278
167.974	121.636
159.403	110.341
162.851	117.92
166.306	128.887
165.927	135.67
129.577	92.2101
125.91	84.3643
139.52	79.1652
146.074	73.2184
129.364	74.7519
120.159	77.6134
115.25	79.6091
113.709	89.4274
113.622	99.92
112.508	106.752
103.268	104.258
98.4015	92.8596
98.5343	85.0413
96.3301	76.5765
99.6672	74.756
117.018	76.6535
135.055	92.7553
145.029	96.022
161.603	112.051
179.95	127.014
186.448	127.051
193.201	66.6326
181.024	61.4965
179.642	62.2412
164.338	69.5043
156.667	75.4703
154.232	86.1259
146.457	89.6098
136.746	99.7459
134.438	104.421
122.713	109.017
117.677	118.984
103.727	122.805
95.2645	125.482
90.4382	132.326
82.8134	117.667
50.4847	38.441
43.52	34.3067
42.746	39.746
38.5871	34.7154
45.7241	33.6437
57.1908	35.4007
71.4853	37.0579
88.408	37.5955
101.916	36.3003
116.783	42.204
127.918	42.7226
150.725	43.8162
167.438	43.745
179.263	39.6197
196.55	38.6772
214.053	36.7368
222.423	39.1396
235.905	39.2024
241.218	37.4915
253.133	46.1976
260.918	45.725
270.849	52.4788
267.245	64.2824
253.514	72.1846
245.987	73.9729
233.749	80.1729
226.892	85.1842
217.675	90.3486
208.853	98.0087
203.271	104.78
198.126	108.004
189.837	116.893
183.789	122.451
171.924	125.758
163.039	127.512
144.538	131.607
134.252	136.108
122.635	140.999
111.149	146.446
105.01	142.095
102.393	130.909
108.094	104.49
122.839	77.0483
137.068	72.6601
145.772	81.3368
147.376	85.6823
148.626	91.9804
151.284	102.424
154.693	121.744
150.013	127.503
116.13	111.878
121.139	85.6277
166.066	93.224
180.788	133.285
118.168	131.518
124.876	77.7499
166.351	69.4858
197.681	88.4784
206.451	125.796
173.554	130.528
130.849	136.246
96.6287	113.555
123.525	103.335
159.763	110.849
204.901	109.684
226.648	108.49
193.547	83.9277
164.859	60.5243
160.517	83.6634
163.114	113.59
162.17	139.209
146.022	120.502
38.7436	36.7436
29.125	26.6979
66.625	19.3854
100	25.2451
124.059	23.1863
146	26.9537
160.211	24.6404
229.472	24.7315
235.605	26.0351
249.614	22.4394
263.921	20.193
284.289	17.2982
284.024	22.75
295.957	38.4273
297.786	43.627
296.963	98.6667
223.841	57.0616
229.967	58.2967
298.622	155.033
292.833	150.577
302.029	174.505
249	87.463
285.451	182.493
260.404	202.624
23.2639	157.083
23.7444	152.5
24.2444	147.5
25.0556	138.292
29.9792	133.219
32.7444	123.1
35.9792	110.781
39.6667	101.923
37.6863	95.0882
37.6863	88.5294
38.9167	82.25
35.3333	73
33.1275	69.4118
31.8542	65.875
28.9111	53.4333
34.1275	50.2941
31.7604	37.5312
32.4825	30.4474
29.812	25.8889
28.7607	25.7863
35.4111	30.3667
64.5489	66.1077
71.5032	63.7753
82.7002	60.4467
87.7078	58.6747
99.5131	56.7393
105.727	56.7325
125.27	53.5761
135.208	52.487
150.185	56.3468
161.204	57.0715
167.851	54.9337
179.935	53.533
187.04	53.2524
193.55	53.9177
207.117	52.7766
224.921	52.4632
238.901	52.8942
242.195	57.2501
238.459	59.1286
220.348	62.2345
213.053	64.2269
206.873	65.9396
194.076	69.5056
183.352	73.6647
174.892	76.4121
163.625	79.3402
158.088	81.977
153.593	83.7585
152.207	86.9836
146.831	91.1067
143.651	92.5403
136.282	96.6097
125.36	101.242
120.564	102.686
111.467	104.372
103.183	106.062
90.8274	109.985
89.1587	111.198
94.3293	110.733
111.343	108
135.565	110.377
163.752	105.438
184.682	103.315
194.089	102.321
199.877	110.122
203.121	115.098
210.064	118.141
221.845	117.392
232.991	115.4
246.554	114.762
246.491	126.344
245.368	132.44
234.761	134.509
220.851	137.51
210.568	139.324
196.375	142.1
186.16	143.509
177.535	144.196
168.695	145.424
159.998	146.314
150.641	146.841
143.354	147.722
130.772	149.553
118.621	151.115
109.065	152.609
99.3144	152.978
92.2587	151.039
89.6238	135.482
90.5134	117.953
93.2679	110.281
92.6608	103.576
91.8403	94.5798
93.7367	85.7265
93.0338	77.202
92.3207	62.8606
93.3202	69.9093
96.2643	80.9804
97.5761	91.4066
102.465	108.435
105.817	116.885
107.508	129.719
109.815	137.919
110.729	142.648
113.315	149.137
122.436	149.338
131.118	149.955
130.876	147.892
127.563	128.984
127.219	125.085
127.08	118.218
127.351	106.881
128.97	97.5768
126.495	91.0356
123.494	80.5132
122.291	69.3996
119.872	59.8064
122.082	54.2755
129.423	52.4792
130.576	54.6008
131.787	60.5463
132.7	64.6739
134.074	67.1101
134.934	70.2902
135.436	73.8161
137.258	79.9711
138.392	83.3182
139.618	87.9729
141.54	95.0635
144.418	101.058
146.553	107.216
148.601	113.352
162.343	111.033
166.781	105.821
166.026	99.7685
164.742	93.6549
163.857	88.4809
162.722	80.265
163.232	76.3831
164.474	71.4744
165.894	65.5414
168.475	59.5398
178.874	57.76
178.646	60.3386
180.9	70.1481
182.619	77.8475
184.456	87.7885
185.946	95.6294
186.622	99.3836
189.4	103.822
192.812	106.056
207.343	104.599
209.866	102.366
214.396	93.5185
211.685	81.632
210.355	72.6326
211.865	64.8422
215.821	59.9464
222.399	56.2734
226.177	59.7501
226.283	72.4895
226.892	85.6195
225.544	90.6486
226.702	102.121
229.113	121.162
229.811	134.906
230.73	150.13
227.774	162.224
215.17	162.318
204.342	159.622
199.395	131.826
196.642	118.989
195.277	113.76
192.155	105.394
189.992	100.687
186.838	100.716
178.097	106.834
177.161	112.942
178.79	124.266
181.019	132.648
182.447	148.163
182.026	154.667
177.523	157.401
173.852	158.843
168.634	158.7
163.038	151.017
160.562	134.099
158.884	125.636
157.892	118.874
155.756	109.778
152.412	104.982
150.306	101.224
147.173	101.901
143.768	103.641
132.989	102.354
128.436	105.052
128.73	105.183
128.425	106.267
127.523	107.822
129.198	111.456
128.601	115.715
130.174	125.305
130.265	134.27
131.833	140.013
132.508	145.189
285.793	45.64
285.163	38.1037
285.206	42.1905
291.465	71
291.242	83.6136
291.412	82.8947
290.765	94.8409
290.083	97.9062
291.254	106.587
291.574	115.639
294.549	122.676
292.61	123.848
292.796	128.111
293.912	138.947
295.754	146.674
296.641	151.111
298.106	154.659
297.495	152.533
292.255	150
292.285	147.108
287.687	146.666
290.03	157.259
292.583	158.977
294.008	158.187
302.468	166.548
299.39	171.984
299.684	174.393
301	176.25
299.502	182.448
298.579	185.753
298.159	188.301
299.192	166.475
