6.91542e-05
6.59545e-05
6.44508e-05
6.34023e-05
6.25621e-05
6.18299e-05
6.11589e-05
6.05251e-05
5.99153e-05
5.93218e-05
5.874e-05
5.8167e-05
5.76006e-05
5.70393e-05
5.64816e-05
5.59259e-05
5.53703e-05
5.48127e-05
5.42508e-05
5.36825e-05
5.31063e-05
5.25216e-05
5.19298e-05
5.13341e-05
5.07396e-05
5.0153e-05
4.95813e-05
4.90313e-05
4.85084e-05
4.80163e-05
4.75571e-05
4.71312e-05
4.67376e-05
4.63746e-05
4.604e-05
4.57311e-05
4.54455e-05
4.51809e-05
4.49349e-05
4.47056e-05
4.44912e-05
4.42901e-05
4.4101e-05
4.39226e-05
4.37539e-05
4.35939e-05
4.34419e-05
4.32969e-05
4.31585e-05
4.30261e-05
4.28991e-05
4.27772e-05
4.26599e-05
4.25468e-05
4.24378e-05
4.23324e-05
4.22306e-05
4.21319e-05
4.20363e-05
4.19436e-05
4.18536e-05
4.17661e-05
4.16811e-05
4.15983e-05
4.15177e-05
4.14391e-05
4.13625e-05
4.12877e-05
4.12147e-05
4.11434e-05
4.10736e-05
4.10054e-05
4.09387e-05
4.08733e-05
4.08093e-05
4.07465e-05
4.06849e-05
4.06245e-05
4.05652e-05
4.05069e-05
4.04497e-05
4.03935e-05
4.03382e-05
4.02838e-05
4.02303e-05
4.01776e-05
4.01257e-05
4.00746e-05
4.00243e-05
3.99747e-05
3.99259e-05
3.98777e-05
3.98302e-05
3.97833e-05
3.97371e-05
3.96915e-05
3.96465e-05
3.9602e-05
3.95582e-05
3.95149e-05
3.94721e-05
3.94299e-05
3.93881e-05
3.93469e-05
3.93062e-05
3.92659e-05
3.92261e-05
3.91868e-05
3.91479e-05
3.91094e-05
3.90713e-05
3.90337e-05
3.89964e-05
3.89596e-05
3.89231e-05
3.8887e-05
3.88513e-05
3.88159e-05
3.87808e-05
3.87461e-05
3.87117e-05
3.86776e-05
3.86438e-05
3.86104e-05
3.85772e-05
3.85443e-05
3.85116e-05
3.84793e-05
3.84472e-05
3.84154e-05
3.83838e-05
3.83524e-05
3.83213e-05
3.82904e-05
3.82597e-05
3.82293e-05
3.8199e-05
3.8169e-05
3.81392e-05
3.81095e-05
3.80801e-05
3.80508e-05
3.80217e-05
3.79928e-05
3.7964e-05
3.79355e-05
3.7907e-05
3.78788e-05
3.78507e-05
3.78227e-05
3.77949e-05
3.77673e-05
3.77397e-05
3.77123e-05
3.76851e-05
3.7658e-05
3.7631e-05
3.76041e-05
3.75773e-05
3.75507e-05
3.75241e-05
3.74977e-05
3.74714e-05
3.74452e-05
3.74191e-05
3.73931e-05
3.73673e-05
3.73415e-05
3.73158e-05
3.72902e-05
3.72646e-05
3.72392e-05
3.72139e-05
3.71886e-05
3.71634e-05
3.71384e-05
3.71133e-05
3.70884e-05
3.70636e-05
3.70388e-05
3.70141e-05
3.69894e-05
3.69649e-05
3.69403e-05
3.69159e-05
3.68915e-05
3.68672e-05
3.6843e-05
3.68188e-05
3.67947e-05
3.67706e-05
3.67466e-05
3.67226e-05
3.66987e-05
3.66749e-05
3.66511e-05
3.66273e-05
3.66036e-05
3.658e-05
3.65564e-05
3.65328e-05
3.65093e-05
3.64858e-05
3.64624e-05
3.6439e-05
3.64157e-05
3.63924e-05
3.63691e-05
3.63459e-05
3.63227e-05
3.62995e-05
3.62764e-05
3.62533e-05
3.62302e-05
3.62071e-05
3.61841e-05
3.61612e-05
3.61382e-05
3.61153e-05
3.60924e-05
3.60695e-05
3.60466e-05
3.60238e-05
3.6001e-05
3.59782e-05
3.59555e-05
3.59327e-05
3.591e-05
3.58873e-05
3.58646e-05
3.58419e-05
3.58192e-05
3.57966e-05
3.5774e-05
3.57513e-05
3.57287e-05
3.57062e-05
3.56836e-05
3.5661e-05
3.56384e-05
3.56159e-05
3.55933e-05
3.55708e-05
3.55483e-05
3.55257e-05
3.55032e-05
3.54807e-05
3.54582e-05
3.54357e-05
3.54132e-05
3.53907e-05
3.53682e-05
3.53458e-05
3.53233e-05
3.53008e-05
3.52783e-05
3.52559e-05
3.52334e-05
3.52109e-05
3.51885e-05
3.5166e-05
3.51435e-05
3.51211e-05
3.50986e-05
3.50761e-05
3.50537e-05
3.50312e-05
3.50088e-05
3.49863e-05
3.49638e-05
3.49414e-05
3.49189e-05
3.48965e-05
3.48741e-05
3.48516e-05
3.48292e-05
3.48067e-05
3.47843e-05
3.47619e-05
3.47395e-05
3.4717e-05
3.46946e-05
3.46722e-05
3.46498e-05
3.46275e-05
3.46051e-05
3.45827e-05
3.45604e-05
3.4538e-05
3.45157e-05
3.44934e-05
3.44711e-05
3.44488e-05
3.44265e-05
3.44043e-05
3.4382e-05
3.43598e-05
3.43376e-05
3.43155e-05
3.42933e-05
3.42712e-05
3.42491e-05
3.4227e-05
3.4205e-05
3.4183e-05
3.4161e-05
3.41391e-05
3.41171e-05
3.40953e-05
3.40734e-05
3.40516e-05
3.40299e-05
3.40081e-05
3.39864e-05
3.39648e-05
3.39432e-05
3.39217e-05
3.39002e-05
3.38787e-05
3.38573e-05
3.3836e-05
3.38147e-05
3.37935e-05
3.37723e-05
3.37512e-05
3.37301e-05
3.37091e-05
3.36881e-05
3.36673e-05
3.36465e-05
3.36257e-05
3.3605e-05
3.35844e-05
3.35639e-05
3.35434e-05
3.3523e-05
3.35027e-05
3.34824e-05
3.34622e-05
3.34421e-05
3.34221e-05
3.34022e-05
3.33823e-05
3.33625e-05
3.33428e-05
3.33231e-05
3.33036e-05
3.32841e-05
3.32647e-05
3.32454e-05
3.32262e-05
3.32071e-05
3.3188e-05
3.31691e-05
3.31502e-05
3.31314e-05
3.31127e-05
3.30941e-05
3.30755e-05
3.30571e-05
3.30387e-05
3.30204e-05
3.30022e-05
3.29841e-05
3.29661e-05
3.29482e-05
3.29303e-05
3.29126e-05
3.28949e-05
3.28773e-05
3.28598e-05
3.28424e-05
3.2825e-05
3.28078e-05
3.27906e-05
3.27735e-05
3.27565e-05
3.27395e-05
3.27227e-05
3.27059e-05
3.26892e-05
3.26726e-05
3.26561e-05
3.26396e-05
3.26232e-05
3.26069e-05
3.25907e-05
3.25745e-05
3.25584e-05
3.25424e-05
3.25265e-05
3.25106e-05
3.24948e-05
3.2479e-05
3.24633e-05
3.24477e-05
3.24321e-05
3.24167e-05
3.24012e-05
3.23859e-05
3.23705e-05
3.23553e-05
3.23401e-05
3.2325e-05
3.23099e-05
3.22948e-05
3.22799e-05
3.22649e-05
3.225e-05
3.22352e-05
3.22204e-05
3.22057e-05
3.2191e-05
3.21763e-05
3.21617e-05
3.21472e-05
3.21326e-05
3.21181e-05
3.21037e-05
3.20893e-05
3.20749e-05
3.20606e-05
3.20462e-05
3.2032e-05
3.20177e-05
3.20035e-05
3.19893e-05
3.19751e-05
3.1961e-05
3.19469e-05
3.19328e-05
3.19187e-05
3.19046e-05
3.18906e-05
3.18766e-05
3.18626e-05
3.18486e-05
3.18347e-05
3.18207e-05
3.18068e-05
3.17929e-05
3.1779e-05
3.17651e-05
3.17512e-05
3.17373e-05
3.17234e-05
3.17095e-05
3.16957e-05
3.16818e-05
3.16679e-05
3.16541e-05
3.16402e-05
3.16264e-05
3.16125e-05
3.15987e-05
3.15848e-05
3.15709e-05
3.15571e-05
3.15432e-05
3.15293e-05
3.15154e-05
3.15015e-05
3.14876e-05
3.14737e-05
3.14598e-05
3.14459e-05
3.14319e-05
3.1418e-05
3.1404e-05
3.139e-05
3.1376e-05
3.1362e-05
3.1348e-05
3.13339e-05
3.13198e-05
3.13057e-05
3.12916e-05
3.12775e-05
3.12634e-05
3.12492e-05
3.1235e-05
3.12208e-05
3.12066e-05
3.11923e-05
3.1178e-05
3.11637e-05
3.11494e-05
3.1135e-05
3.11206e-05
3.11062e-05
3.10918e-05
3.10773e-05
3.10628e-05
3.10483e-05
3.10337e-05
3.10191e-05
3.10045e-05
3.09898e-05
3.09752e-05
3.09604e-05
3.09457e-05
3.09309e-05
3.09161e-05
3.09012e-05
3.08863e-05
3.08714e-05
3.08564e-05
3.08414e-05
3.08264e-05
3.08113e-05
3.07962e-05
3.0781e-05
3.07659e-05
3.07506e-05
3.07353e-05
3.072e-05
3.07047e-05
3.06893e-05
3.06739e-05
3.06584e-05
3.06429e-05
3.06273e-05
3.06117e-05
3.05961e-05
3.05804e-05
3.05646e-05
3.05489e-05
3.0533e-05
3.05172e-05
3.05013e-05
3.04853e-05
3.04693e-05
3.04532e-05
3.04372e-05
3.0421e-05
3.04048e-05
3.03886e-05
3.03723e-05
3.0356e-05
3.03396e-05
3.03231e-05
3.03067e-05
3.02901e-05
3.02736e-05
3.02569e-05
3.02402e-05
3.02235e-05
3.02067e-05
3.01899e-05
3.0173e-05
3.01561e-05
3.01391e-05
3.01221e-05
3.0105e-05
3.00878e-05
3.00706e-05
3.00534e-05
3.00361e-05
3.00187e-05
3.00013e-05
